1166360455
1121677080
1212532974
1164048936
1221597
1026613837
1072871899
1011509358
1244693345
1083470643
1085963628
1121591064
1013629560
1023755849
1316538345
1090653292
1017723103
1022463185
1124950992
1174866276
1384525559
1258501380
1232962923
1283797608
1085961928
1320897052
1204631509
1072867770
1143287145
1088220386
1181147316
1193629946
1263862823
1014508671
1121625483
1027177756
1000221407
1112358037
1182979228
1016868824
1179951627
1083847252
1098309495
1145282129
1127031450
1330071685
1088226148
1180232894
1091887465
1330243772
1343398495
1086951136
1159732487
1248227207
1016818825
1072863791
1017073108
1197573004
1294898577
1050051242