1127351870
1121677077
1164048937
1221597
1212532974
1026613833
1072871899
1011509358
1197428389
1013629560
1121591062
1085963628
1023755849
1083470645
1329146112
1017723097
1124950992
1022463185
1384525559
1174866282
1076681883
1316538345
1085961927
1283797608
1190418680
1072867770
1021627218
1181147317
1258501380
1193629947
1261948990
1014508671
1121625481
1143287145
1263862823
1027177756
1000221407
1204631509
1112357908
1098309495
1182979228
1016868824
1145282129
1083847252
1179951625
1127031450
1179397742
1091887468
1330071683
1159732487
1171831001
1086951136
1016818825
1017073108
1108322611
1294898577
1180232893
1113101418
1093724508
1050051243