122800
133834
134554
147457
130015
94837
131539
140776
131989
135328
125464
131773
131500
140812
132796
117745
116281
146521
148180
148603
127954
145495
131851
133531
130288
136081
134599
130726
129889
131614
139150
128266
144604
136612
144331
139207
142222
130453
143386
148123
129070
143728
131560
141193
134998
138715
90415
131590
139057
138046
144619
143185
138505
139600
138817
127177
138307
136243
114976
134296
143620
133810
145387
141175
112825
137686
130903
127852
131932
131830
132532
134725
123058
127192
122902
120919
129040
138466
114769
137383
143104
140707
116632
113383
133492
130609
135310
140866
144940
137224
109492
143758
132943
22531
71683
131212
18635
144925
128005
144616
101431
125869
78073
123562
9195
109396
67096
21446
77419
81055
96262
119008
48547
126784
22065
17347
68029
108685
129673
59146
122800
133834
134554
147457
130015
94837
131539
140776
131989
135328
125464
131773
131500
140812
132796
117745
116281
146521
148180
148603
127954
145495
131851
133531
130288
136081
134599
130726
129889
131614
139150
128266
144604
136612
144331
139207
142222
130453
143386
148123
129070
143728
131560
141193
134998
138715
90415
131590
139057
138046
144619
143185
138505
139600
138817
127177
138307
136243
114976
134296
143620
133810
145387
141175
112825
137686
130903
127852
131932
131830
132532
134725
123058
127192
122902
120919
129040
138466
114769
137383
143104
140707
116632
113383
133492
130609
135310
140866
144940
137224
109492
143758
132943
22531
71683
131212
18635
144925
128005
144616
101431
125869
78073
123562
9195
109396
67096
21446
77419
81055
96262
119008
48547
126784
22065
17347
68029
108685
129673
59146
