98473
90565
109888
113488
19271
82297
10675
17479
35770
115075
107452
94522
92578
98680
84082
24151
83044
18275
72661
75196
72229
23938
6246
114427
82048
100147
13284
47737
5127
36103
42442
20341
5673
36316
101074
7078
36565
4333
16850
19264
114739
107467
20236
95878
115429
121780
81868
119248
22231
66682
35956
20321
13850
49498
92581
53878
22177
15122
17225
131293
18687
111118
36298
113083
11171
44227
20578
19887
58231
58501
94561
32194
24469
120418
34909
114712
36556
58207
62473
117181
77440
113347
13893
9918
39916
110479
78079
10663
36178
9760
116962
13979
94279
17262
13453
54400
10035
42409
89932
19287
14943
19224
18109
11897
22155
18274
21834
7740
15929
9884
16758
23725
17506
38974
20608
122014
11372
701
112057
61453
