1033600
297106
300020
974446
1020112
228635
788647
978766
1001095
769600
999403
953230
989230
785596
988267
#############
600526
838504
225613
911461
304084
251097
282976
715960
924217
178051
855919
414841
923044
655912
912190
#############
1262950
1253446
1242127
1232188
1218679
798871
1176199
926911
926911
1164922
1163956
1023277
1023277
1023277
1023277
#############
535243
535243
535243
535243
535243
1054654
769600
1048957
914800
331672
1046248
133853
193442
1043890
965023
#############
249774
250930
334779
471826
475261
306045
306045
460957
454600
348714
286423
470743
359797
468361
454417
#############
800788
427045
815998
185788
185788
185788
185788
185788
185788
185788
185788
185788
185788
185788
193130
#############
300055
298231
282840
298010
252657
292494
299303
298801
298039
300651
282524
300426
300567
281676
300390
#############
420811
354019
421372
254756
369276
352865
372549
260466
260466
260466
409768
420472
375747
291063
390724
#############
578494
565453
578494
481450
558253
480406
484522
577426
542983
542341
542341
542512
444190
577129
577039
#############
917212
372134
1108771
1108750
1108723
1108693
1108669
1108645
1108633
1108612
1090576
347251
271990
1104664
1104400
#############
1097698
1049284
928309
1077238
1077043
1063501
356838
987469
1060351
1060153
424861
1050124
1049284
684913
1047850
#############
930034
1045564
470659
1032805
1031029
353579
210773
992200
468415
989875
197279
987097
987097
365701
292934
#############
221071
958264
955993
847147
951700
635473
949495
287190
853906
853906
853906
853906
853906
853906
276060
#############
1001776
999145
999580
494227
759088
920359
920359
322966
969028
987742
962077
504736
983293
270302
645787
#############
844651
173368
832948
749422
286527
820393
816850
814585
813571
454105
567478
752992
799438
799297
799186
#############
544774
543205
449788
266153
211176
536149
535642
502591
502591
532696
532561
532561
532561
532561
532561
#############
950776
949594
948838
239520
297106
940291
214902
803122
290856
819076
253015
292452
453205
480262
931291
#############
334779
268516
475234
286153
469564
434707
466057
251839
441172
324318
341603
341603
199976
199976
346203
#############
740392
977713
1005433
740293
688369
784243
998935
998818
955855
998005
981427
818509
963895
546751
690340
#############
335058
774388
427975
427975
427975
691063
664726
813205
812977
812548
810334
301471
809332
808822
808564
#############
920497
375783
221071
914035
542566
810070
506959
690895
865783
347251
861181
847879
325610
860149
840604
#############
494710
446974
446974
446974
446974
574534
574486
573994
187307
364693
573253
446974
446974
446974
569383
#############
251794
251137
251773
220613
195935
187566
160007
250221
191360
214729
191328
245838
225359
248182
246940
#############
199777
1119154
1113913
280310
1114693
1114705
1113991
1040320
606517
1110172
278708
364784
1106953
1105264
1103290
#############
836059
835888
143746
835165
305118
833944
810070
831943
755293
286291
830152
822472
825451
828310
827281
#############
1045660
950425
1040569
347251
1034062
1033771
989371
735388
1007215
597193
148230
148230
1021372
1020055
334655
#############
345829
297034
346087
271043
345927
275793
339849
242181
340944
342527
345615
345548
288143
339831
345404
#############
700327
607393
361176
747229
752686
315428
159172
352630
752449
752320
752131
751651
750670
413413
749374
#############
274448
310271
311730
310826
250152
311314
298378
310894
310823
310446
310320
310273
310225
293281
309924
#############
429436
594721
593653
562630
584866
531586
579970
505474
578320
257700
234353
534955
571423
491272
423229
#############
694105
666058
684958
690553
398536
686986
398536
493042
493042
493042
689983
656074
352272
684847
315207
#############
374601
236338
223589
270455
476890
447640
466582
464359
461674
446974
446974
446974
446974
446974
446974
#############
290129
289909
286120
267083
264956
250221
289382
269413
249551
170188
218034
277298
188364
214393
286690
#############
595483
407611
630508
600109
612490
289610
366701
622747
593371
622405
622171
620515
526255
609889
449038
#############
1010056
1008277
977713
978766
978766
978766
826141
1003774
729793
998500
998500
993310
347251
749395
392896
#############
251150
231707
251061
250916
236402
250535
250505
250517
250296
250165
122753
230300
234265
245859
217237
#############
703741
703744
703765
703768
703774
703681
703684
703687
703690
703693
703705
703738
699901
699904
699865
#############
307533
321244
285992
324543
324382
229938
319640
324001
323973
323854
323725
323705
323704
260107
176797
#############
924538
921934
810532
414841
922807
570241
570241
920497
918199
542566
916618
347251
732034
913276
911941
#############
311648
349776
473827
473923
427231
473050
448951
472408
471829
469936
388558
192973
282182
460819
464785
#############
1073263
386000
1088764
1088650
726313
339923
1082326
165174
1025557
1078576
188856
1077427
1077484
1073263
368470
#############
986062
985294
981439
975232
286701
517621
756472
228518
936196
765763
842905
344347
374712
351149
497764
#############
700072
496693
585547
635878
673543
372148
685105
688510
374543
683431
682867
681880
290791
642748
335929
#############
1176535
1131418
270873
1103578
1079440
1072240
1059388
1057690
814543
1050871
646633
1007707
1025365
1028890
1026085
#############
314897
933595
745801
164333
1045246
292318
658765
1023655
832966
999487
353545
993289
992236
991252
983020
#############
1145836
919018
1142809
361668
527494
353509
1104877
157131
1059397
352230
998362
725278
1049239
198032
1034959
#############
1030756
269934
1029541
800656
1028086
694921
978811
859018
300339
479803
976519
980275
978505
977092
840142
#############
439276
791137
1137880
1170610
1169965
1169290
1159399
1168618
1167112
1116718
1163680
1163506
1162648
660706
660706
#############
531397
530773
528412
526555
526090
525688
524335
521407
521269
520894
520807
518098
517846
516781
351293
#############
388729
695332
197357
221964
246182
688546
668536
685423
343400
684844
676843
353424
672301
646921
655102
#############
630805
629200
628726
1654
625777
501358
617938
621877
610237
619048
612214
188306
606304
609022
608878
#############
393712
393496
316832
391588
391588
355146
391588
391588
392002
386446
388741
369583
362121
351435
374543
#############
336793
330087
328336
327054
326602
325251
323681
312352
323666
187415
307842
304845
257936
322482
320980
#############
275804
766567
700927
759808
308653
759121
751558
703069
302556
758518
758518
757465
757963
757459
183095
#############
440785
933931
929896
929128
927565
911842
866272
863164
393136
851155
568495
845749
840259
842230
837607
#############
703306
738727
718384
700831
760318
713812
788776
738892
787459
707581
740554
595513
700831
786847
731614
#############
181017
400477
435367
359922
429892
433846
268820
407461
429727
266037
431482
430741
430186
370047
430078
#############
362121
285095
359797
262252
359464
194119
358642
358642
179912
181742
283333
357780
218189
242715
310377
#############
357360
357240
165891
324318
356367
344462
349596
351488
354544
354544
318539
352502
168177
315813
314950
#############
971785
1103404
1084087
1084588
1089307
1084150
1088986
1088962
1084168
1086289
1086094
1085947
1084144
1084144
1084588
#############
277495
353917
420427
426154
426154
426154
426154
426142
426142
424831
424900
424861
423763
391177
375783
#############
172149
257813
175185
824473
346203
1003918
1001290
968587
968149
951937
353787
956797
793678
223463
342651
#############
597538
575599
480229
588508
588538
499399
587146
218170
586549
499399
580090
474766
474766
308609
502153
#############
1162303
981427
1143277
292238
831574
1065604
1065604
1065604
1065604
1073497
1100698
1092430
1086265
1080772
1031095
#############
325185
294785
316335
176689
324727
279260
153984
297556
229938
320796
257700
323992
124120
216859
323664
#############
685918
747139
3879
685918
714556
742036
340198
741247
740797
740263
586798
166974
688546
165002
735265
#############
372002
437902
301947
289336
412648
416902
421378
411379
415180
410842
412648
409762
409762
409762
409762
#############
18626
397366
394060
393547
388390
196392
361880
375791
375790
375779
375737
375712
375643
264599
367133
#############
282896
275005
179756
671143
669505
256975
664606
361239
614047
661780
661780
175959
640603
640603
640603
#############
737419
716437
681718
325912
757573
679366
648769
741106
173171
353299
725290
638764
295817
684391
229604
#############
714508
666637
416302
913000
845125
867058
863902
173368
862825
862825
859468
795199
823492
756862
843823
#############
537361
263258
153178
520240
316560
517816
485458
469933
276556
510703
287663
445219
285095
366119
292711
#############
480151
361721
364693
477049
445468
473755
450745
450745
459547
458236
455296
450745
451552
450850
450745
#############
1243783
1240420
394699
394699
297610
1213426
1213426
1198684
925378
925378
1184407
1102000
817852
977365
1153207
#############
168074
525589
175185
366764
524581
410242
341766
307101
522214
521311
520006
373426
309196
520006
518296
#############
1043104
347251
725641
1114210
171208
958192
1107808
756748
1105786
1093033
1100566
1093468
762889
1097626
1102183
#############
570931
672241
664381
664381
664381
620734
340181
647401
647401
647401
647401
647401
647377
571555
641425
#############
216423
671971
689464
688759
681175
645676
292610
684001
681499
678298
314510
679867
679735
679489
521014
#############
684868
684412
682807
683884
667438
590779
649741
676093
674941
678826
679450
420745
675919
673180
674893
#############
1135219
487054
1131418
299182
973264
729187
1092727
541129
1064965
218074
1054318
734785
574051
747256
976345
#############
492163
403390
358642
687328
737872
259383
717790
141482
797104
273012
738274
785053
771475
260529
494227
#############
1108459
1108459
1108459
1108459
329596
1032805
977146
986563
926569
986893
893278
978193
#############
161006
341766
324318
406513
324318
395764
193490
417487
412714
416275
412882
410026
387709
405235
367193
#############
299271
210815
257981
286124
280075
279069
278388
255438
276751
272135
271545
255517
265644
266749
248330
#############
514519
606253
346203
346203
346203
597181
282174
589147
588784
404824
586840
583840
527347
527347
581482
#############
323608
347251
1082335
1082335
1061161
1074424
340417
764251
1064152
184329
451132
1060909
1060345
681946
1051504
#############
925927
754165
927055
221071
778036
836059
414841
702475
407932
913147
451261
697936
542986
840229
410167
#############
238187
351236
341766
298314
230271
345052
285857
351528
248718
242181
350240
190057
277616
347693
219979
#############
521527
483043
555610
555223
433981
254773
551473
374459
186109
543877
543493
539245
210667
537778
537748
#############
307642
315081
310377
315798
315538
314794
146908
312578
312477
312439
274448
274448
312204
311861
304084
#############
1141288
1136182
184329
980269
980269
980269
1104157
1114468
1114402
1106419
1105780
977617
1104157
1099120
988510
#############
192293
266501
324121
325746
300987
253343
267553
325346
325185
294785
297595
323699
274448
274448
287184
#############
1030573
1030573
1030390
1030390
423763
998695
998287
946567
947143
947143
946822
946822
946774
946678
946507
#############
490654
485089
462514
477943
409861
464602
343400
455050
448720
442681
432934
428425
425947
425947
425137
#############
157052
125813
161694
322292
323009
322897
322899
199208
322171
322171
322171
322171
322171
322129
321706
#############
545563
601282
280801
165671
771931
250166
748294
329501
546751
810082
798871
784396
768580
766867
700927
#############
303241
296989
6872
277188
264345
269803
221096
302203
252513
301546
164283
301312
301208
301172
299959
#############
633775
628675
633247
628675
611527
593944
622891
539767
267481
454600
609904
301004
332602
603607
223839
#############
210837
708217
852901
1101409
817852
971785
1139044
1125694
1110172
962077
770623
1101952
155786
762889
1018606
#############
300511
482323
481702
135162
467239
343969
473701
471991
466396
355618
409654
409654
409654
240429
366615
#############
339154
341632
336604
260466
342888
343471
311072
229849
288207
340567
339790
340232
339623
339532
315475
#############
296139
365414
365414
365414
365414
365414
365414
365414
365414
364784
364435
362655
361705
345051
342122
#############
343106
259715
342108
273391
341857
341920
292354
341749
278502
341559
341238
281124
299995
340434
329436
#############
305449
225613
305899
277495
305224
305419
261047
305325
247711
244155
303300
293351
252346
303786
252928
#############
434095
429835
450988
433957
434317
245120
373169
341766
389476
341043
342641
341039
342644
341036
342647
#############
371750
496753
397846
397846
397846
397846
397846
397846
496753
371750
367564
432004
466582
466582
320674
#############
173378
173378
173378
392980
169775
547519
406291
535237
435484
361621
526441
353225
272067
511648
353504
#############
250268
262526
261782
260529
251684
259528
185790
257199
157815
250833
238355
253332
253297
234619
250269
#############
351236
351236
353919
327160
335188
338292
341343
339077
339077
338392
338480
338379
308778
338087
337355
#############
274347
277953
280218
280026
279954
278866
279448
274451
255438
258066
278490
278286
163266
273514
185788
#############
335081
335079
320883
227840
362523
364062
256341
351504
363153
363153
363153
363153
362515
362515
362515
#############
444052
440569
440569
440569
440569
440569
440569
440569
440569
440569
440569
440569
440569
440569
440569
#############
254823
367513
366476
365508
349922
291940
353548
363538
310787
363715
361452
315941
291942
361492
361623
#############
564598
287190
589147
429436
160726
562630
261721
536170
446575
325804
580792
342678
578881
186023
410851
#############
325760
325760
325760
325760
351236
351236
351236
351236
351236
325760
325760
325760
325760
325760
325760
#############
1191865
1022383
1022383
1224514
926377
267649
1216642
280801
1137880
1153576
1123423
1143319
1022383
1022383
1096408
#############
264431
307854
308463
171332
308399
296752
302421
307937
307935
306137
307811
307786
307803
278525
307699
#############
141854
141833
141561
4309
141560
4405
141448
141405
4638
140613
140145
140069
137273
139855
139927
#############
314286
949027
257700
257700
943609
672091
941146
808903
928795
854332
711388
605125
153844
820207
800215
#############
689503
689335
686926
645799
686554
682750
682720
680056
679579
673180
578398
409870
656554
655990
647674
#############
