815722
1291474
1291201
241227
1289524
1261747
1112146
1112146
1288291
1235401
1106620
1106620
1106620
1106620
1106620
#############1281523
1292218
1291201
974446
1290004
1286326
1287859
1286491
1286020
1284709
1283635
1283695
1283755
1283698
1283758
#############1277089
1286653
1282531
1272142
1268674
1245652
1250215
1240609
148596
1205605
1202191
1183807
1149853
1148077
1158001
#############1291546
825163
245398
1155367
1288630
1288576
814927
1059553
1276954
424309
1276993
1281706
1276975
1276948
1276975
#############1249876
1291015
1286746
1286746
1289824
1289746
1288483
1288291
1288129
1287394
1286788
1286692
559039
1028719
1172695
#############245398
1290145
1286746
1286746
1274443
1267921
1264702
1264195
1202251
882106
932644
1250317
1247383
1243957
1240174
#############245398
1286746
1289824
1282270
1284589
1283401
361492
1273546
826141
1274104
1267645
456619
1263052
1251682
1072987
#############296698
1289977
1288849
1288291
915352
161255
1282567
541129
1237333
1274944
849892
1155367
456619
323405
1265740
#############1291474
1291360
1291171
1291168
1286881
1273669
1260670
1246906
1246759
793678
1230412
959530
1211002
1211002
1211002
#############1292626
1291249
1290955
1286746
1286746
1286746
1289824
1257067
1262950
1289185
1270882
1286692
254542
1282270
949837
#############1262950
1200715
280801
780163
1187959
694348
914293
1165075
1079152
1154347
1032805
1144261
1139176
597193
1098901
#############1286236
1150417
1202146
808336
1193608
1101718
1172617
223331
946045
1188250
1185541
1185460
167177
1184320
300975
#############1262950
848347
1276780
425485
1219327
1219471
1174339
1219288
1219288
1174585
1219474
1253209
1253209
1178827
1260739
#############1032805
1133986
1232026
1226368
1221274
#############1291819
917650
1289989
1289989
1289824
449887
1289341
1289047
1274944
1288291
1288273
1288153
980188
1286788
1286692
#############1292293
1019002
1288537
1088608
1288891
1288294
1287730
244135
1285885
1044700
639463
265787
347791
1267681
1266616
#############862915
1280671
527599
1273546
1266850
1259710
514078
1203172
198367
317432
200113
1155637
862453
582301
658438
#############1289341
1288630
934774
1249363
1001095
613801
1274653
928876
262941
928324
674473
418396
282981
#############1284820
1284148
1283542
1283287
1283338
1283305
#############1292728
279081
1288291
413155
279708
1195219
1283998
569776
849892
1281526
1279567
1279567
1279567
1281232
1280425
#############1286527
357292
1276048
1032805
1268755
1266817
198971
1141288
762889
1194889
940894
1169248
1084816
1172869
1148635
#############825163
1288630
1095556
1106986
1275031
1273546
826141
1274326
1274107
1273879
1120309
1226350
1271197
1270942
1270393
#############1282270
1078123
1086844
1218121
1227343
1210195
1227343
925378
186023
1202776
808336
280801
851008
1186108
216566
#############245398
241227
227650
1288291
1284799
1269607
1172695
1280194
1237333
1273546
1274944
425218
1266985
1269166
977713
#############269928
1083205
1288291
1238761
1286929
1286929
1282270
1241599
798871
1279411
1071289
1152202
1280698
541129
1274236
#############241227
1273492
1268155
1238761
431299
296734
1218133
1223239
1109134
1064311
1222999
1221688
345415
1129333
494788
#############1116055
1116055
1116055
1116055
1116055
1251478
1116055
1116055
1116055
1116055
1116055
1116055
1116055
1115401
1116055
#############763015
1055512
1257067
1193248
1262950
1289194
1288291
1286908
798871
1283443
1282270
1185013
1281832
1281238
1281127
#############245398
649774
1287091
1031371
1266007
1263064
1262347
1259182
1250902
1250902
1250902
1250902
1246069
1241221
831418
#############1291546
1291819
1288291
856837
1262950
1158775
1280698
1280629
541129
1280194
1277116
826141
1274104
1125724
849892
#############962161
#############1278226
1289737
1288630
1279411
1280194
1250902
1262347
1262347
1255303
1133836
1210195
1226080
1223890
1172038
267649
#############541075
934774
541075
#############1292911
1291546
1288630
1288291
1282270
1286698
649339
257936
1285141
620182
271488
351149
684163
1128361
776644
#############784243
923968
317870
1129144
#############1286746
882106
645799
1249567
425218
1247095
282981
188856
263075
849892
242427
1232311
1231840
674473
672091
#############1282756
1268326
1264366
1264366
1262263
1261225
189158
#############274158
274158
1214365
1213255
1150417
926737
1256824
347251
1098079
321363
140948
1251526
1009633
1244596
1228690
#############1292911
1271674
241227
1288630
1286065
1285387
1282393
1271674
1160899
1279144
1271674
1116055
1271674
1271674
1274944
#############1291546
825163
241227
1288630
1106986
413155
934774
1072534
254003
542566
1283422
1281334
739828
485386
645799
#############1282270
514078
267649
1198684
979330
1182559
789595
578725
1137880
282981
265358
645799
932644
1131640
570337
#############1289347
1128361
429901
1203172
464308
282981
1188649
1210219
1261300
1261252
620182
242427
925378
674473
570337
#############1292911
1291546
825163
245398
241227
463285
282981
1288849
1288630
1288291
1287328
1286902
1106986
413155
1169554
#############793768
1283218
1287310
1282825
1282297
1282027
1282246
1282096
#############1269580
1267783
1262347
1150417
1254196
799762
1251682
1242361
337795
370292
328243
1220713
674473
1221295
282981
#############1273399
326481
1285543
1280020
1283248
1283248
1280020
1276429
291018
993469
#############174026
602890
637714
944932
1132522
1181149
214707
1183549
1117276
1182649
1181155
#############1287076
849892
1275802
1274911
242427
562561
392896
1120309
1062076
1078003
674473
#############241227
1289341
1288630
1282270
1172695
714616
792349
848347
602392
1271128
751750
925378
282981
1046464
674473
#############1255303
1227343
1201558
1198684
1101718
1182559
1102000
413155
1176208
1156570
282981
1157923
1160557
570337
772129
#############1283401
1221289
1221289
1155367
339286
282981
928324
1261873
620182
1150417
1042816
674473
570337
1224412
#############339161
1279411
1282270
1193545
949837
1280188
541129
1276729
1274944
1211302
230978
1155367
1267921
770665
282981
#############1286746
949837
1274944
1266850
1262347
1202251
257700
1255303
514078
435118
740701
1142200
193896
1193755
1101718
#############825163
188856
1211302
1286746
282981
1276423
1276300
1276186
1276147
1276009
1165240
1275874
505372
193896
#############1270882
1211302
1262347
1262347
1255303
842584
723898
1223890
1142200
421822
427183
570337
449590
1198684
645799
#############1249363
1246156
1215808
1130965
1168486
1170805
744586
1127068
1115443
1110172
950797
690340
739903
645799
451132
#############1202251
1257067
1251712
365324
1239958
802606
427183
282981
242427
555664
155786
1183648
1186108
826993
1182559
#############1234771
1234771
1263064
1254229
1253320
1247926
1243255
1232089
1231969
#############514078
231381
245398
#############174026
1239298
1203325
282981
570337
1188682
982258
1182559
1181170
1181176
1181083
1181071
1181080
1181065
1181026
#############815722
1289989
442681
1144774
#############1286746
1269022
1263064
1262950
1257067
368967
514078
1227343
227650
213731
757963
664606
267649
671074
1138423
#############1272229
1268347
295445
1264156
1263799
1241236
#############1281946
1133986
#############257813
570337
611713
277455
836734
348992
#############434011
1263064
1150417
1255318
211638
1192552
1212085
1241599
590779
1133836
802606
1228324
1150372
1227343
188856
#############228518
1275487
1240606
272723
181785
1065211
373169
709615
762889
789397
742333
1065760
915496
#############1144516
1128628
#############821617
1205764
979330
1156009
1148521
748294
1117057
195391
#############541129
#############1245652
703492
420745
1138489
420745
#############369407
1101979
#############1021351
1019311
998167
1014802
1017199
1016725
1016536
1016251
1014811
1014811
1014802
1014217
999289
1001455
717418
#############1213219
1057903
720769
1044391
1044391
1043560
#############1263064
1150417
267649
1182559
413155
849892
940321
167630
711907
282981
340523
925981
1131376
674473
1130227
#############1043323
#############1262347
1226350
1192552
1183000
411727
1139176
282981
645799
411727
1098901
155786
674473
825451
#############1249882
#############1180573
1143319
1109701
762889
1096723
711907
1074568
932644
645799
413155
674473
955993
570337
1065136
247597
#############1150417
1213393
1195333
1194910
1194997
1129234
1061161
849892
195391
1058581
762283
#############1274944
1172695
1263064
1150417
799762
1247095
282981
925378
242427
570337
1226464
674473
#############1231795
#############1240606
#############747256
809995
#############962077
195391
914293
852901
837556
675106
1007740
279260
674473
960718
960718
#############259705
#############1291546
1288630
1285687
#############1150417
925378
674473
242427
#############1269607
#############283989
1146700
1146700
#############1121392
1121392
663823
#############1288630
#############1181005
#############243115
487690
490483
495961
495955
495898
495865
495853
417031
495616
457165
493051
427948
408457
494710
#############820102
185027
819850
403939
257617
819643
818941
819187
818164
500794
649987
801739
818485
818302
818248
#############
#############347037
347038
347039
347040
347014
347042
347022
347023
347024
347025
347026
347027
347028
347029
347030
#############
#############
#############
#############
#############
#############850057
849784
849652
849415
227508
829909
277495
846835
848326
848227
254557
847870
847705
840115
847147
#############1190953
1190569
686332
1188643
1186423
164090
1185538
1185538
1185538
1185538
1185538
1185538
1185538
1185538
1148797
#############254233
293380
293954
295255
295238
270182
168365
294451
266062
295018
277474
273491
262452
294009
294836
#############1135840
1288789
1288657
943690
960304
1032040
960679
1287370
1276762
1276762
373062
962293
1024300
524584
306774
#############704767
703333
703348
506683
318236
614707
198354
701947
598657
690721
366579
700681
700606
265358
700174
#############566806
565378
565378
565378
566506
566506
566506
566506
566506
408094
566506
408094
566506
408094
408094
#############544555
432688
832438
832078
832243
832243
832186
831985
749374
832000
831646
831646
816925
816925
823801
#############176472
835960
819562
730900
832768
737419
315745
236042
833491
831199
647923
515344
563554
280310
635605
#############345323
961933
252537
329462
958105
638764
277096
488770
949846
184792
952585
331771
950794
275185
196304
#############370363
255581
1160941
1125694
292330
1237717
994753
1245412
648241
1136404
359149
1212211
1203349
535243
825160
#############731563
730435
730435
352887
719152
727096
725344
726892
302556
726559
713908
725971
228475
704785
212666
#############1283401
344868
1274644
1032805
250975
964765
1255303
1245652
1245652
1096186
1214545
766138
195391
1185667
1155367
#############421141
292934
443668
246784
452974
452725
369276
302962
357318
449608
212666
448156
367215
442252
439267
#############172937
367803
386575
374430
374427
374426
374424
374423
374422
374420
374419
374417
374416
374414
374413
#############676558
676558
751981
745612
269475
269475
750337
750148
749035
749662
712531
749626
747958
734257
244275
#############699355
1153489
971839
430420
1095766
971785
456898
1138012
932644
1119850
1127701
319005
1003918
1104994
1103761
#############1282270
917284
475609
1273546
1232866
1260646
365215
1260646
1202251
1156009
655531
1055764
1055764
1227343
297610
#############692407
692296
305444
691978
494710
426991
426991
347251
691681
691726
691069
685105
690886
689911
689746
#############815722
1291474
1291201
241227
1289524
1261747
1112146
1112146
1288291
1235401
1106620
1106620
1106620
1106620
1106620
#############
1281523
1292218
1291201
974446
1290004
1286326
1287859
1286491
1286020
1284709
1283635
1283695
1283755
1283698
1283758
#############
1277089
1286653
1282531
1272142
1268674
1245652
1250215
1240609
148596
1205605
1202191
1183807
1149853
1148077
1158001
#############
1291546
825163
245398
1155367
1288630
1288576
814927
1059553
1276954
424309
1276993
1281706
1276975
1276948
1276975
#############
1249876
1291015
1286746
1286746
1289824
1289746
1288483
1288291
1288129
1287394
1286788
1286692
559039
1028719
1172695
#############
245398
1290145
1286746
1286746
1274443
1267921
1264702
1264195
1202251
882106
932644
1250317
1247383
1243957
1240174
#############
245398
1286746
1289824
1282270
1284589
1283401
361492
1273546
826141
1274104
1267645
456619
1263052
1251682
1072987
#############
296698
1289977
1288849
1288291
915352
161255
1282567
541129
1237333
1274944
849892
1155367
456619
323405
1265740
#############
1291474
1291360
1291171
1291168
1286881
1273669
1260670
1246906
1246759
793678
1230412
959530
1211002
1211002
1211002
#############
1292626
1291249
1290955
1286746
1286746
1286746
1289824
1257067
1262950
1289185
1270882
1286692
254542
1282270
949837
#############
1262950
1200715
280801
780163
1187959
694348
914293
1165075
1079152
1154347
1032805
1144261
1139176
597193
1098901
#############
1286236
1150417
1202146
808336
1193608
1101718
1172617
223331
946045
1188250
1185541
1185460
167177
1184320
300975
#############
1262950
848347
1276780
425485
1219327
1219471
1174339
1219288
1219288
1174585
1219474
1253209
1253209
1178827
1260739
#############
1032805
1133986
1232026
1226368
1221274
#############
1291819
917650
1289989
1289989
1289824
449887
1289341
1289047
1274944
1288291
1288273
1288153
980188
1286788
1286692
#############
1292293
1019002
1288537
1088608
1288891
1288294
1287730
244135
1285885
1044700
639463
265787
347791
1267681
1266616
#############
862915
1280671
527599
1273546
1266850
1259710
514078
1203172
198367
317432
200113
1155637
862453
582301
658438
#############
1289341
1288630
934774
1249363
1001095
613801
1274653
928876
262941
928324
674473
418396
282981
#############
